8993.47,6163920000.0,152266300124,16930762.0,16930762.0,-0.21,4.56,-2.46,8966.87,8966.87,8966.87,18-03-20-22-12
8993.47,6163920000.0,152266300124,16930762.0,16930762.0,-0.21,4.56,-2.46,8977.2869236,8977.2869236,8977.2869236,18-03-20-22-13
8993.47,6163920000.0,152266300124,16930762.0,16930762.0,-0.21,4.56,-2.46,8975.34,8975.34,8975.34,18-03-20-22-14
8993.47,6163920000.0,152266300124,16930762.0,16930762.0,-0.21,4.56,-2.46,8963.18,8963.18,8963.18,18-03-20-22-15
9169.19,6388850000.0,155250662012,16931775.0,16931775.0,0.78,5.83,6.55,9099.74,9099.74,9099.74,18-03-21-10-57
9169.19,6388850000.0,155250662012,16931775.0,16931775.0,0.78,5.83,6.55,9099.09,9099.09,9099.09,18-03-21-10-58
9169.19,6388850000.0,155250662012,16931775.0,16931775.0,0.78,5.83,6.55,9079.05,9079.05,9079.05,18-03-21-10-59
9169.19,6388850000.0,155250662012,16931775.0,16931775.0,0.78,5.83,6.55,9074.140026699999,9074.140026699999,9074.140026699999,18-03-21-11-00
9169.19,6388850000.0,155250662012,16931775.0,16931775.0,0.78,5.83,6.55,9054.35,9054.35,9054.35,18-03-21-11-01
9144.16,6385810000.0,154827088288,16931800.0,16931800.0,0.48,5.5,6.29,9054.35,9054.35,9054.35,18-03-21-11-02
9144.16,6385810000.0,154827088288,16931800.0,16931800.0,0.48,5.5,6.29,9054.8823256,9054.8823256,9054.8823256,18-03-21-11-03
9144.16,6385810000.0,154827088288,16931800.0,16931800.0,0.48,5.5,6.29,9054.8823256,9054.8823256,9054.8823256,18-03-21-11-04
9144.16,6385810000.0,154827088288,16931800.0,16931800.0,0.48,5.5,6.29,9054.8823256,9054.8823256,9054.8823256,18-03-21-11-05
9144.16,6385810000.0,154827088288,16931800.0,16931800.0,0.48,5.5,6.29,9037.461200599999,9037.461200599999,9037.461200599999,18-03-21-11-06
9112.17,6382970000.0,154285440006,16931800.0,16931800.0,0.09,4.92,6.07,9037.46,9037.46,9037.46,18-03-21-11-07
9112.17,6382970000.0,154285440006,16931800.0,16931800.0,0.09,4.92,6.07,8958.25,8958.25,8958.25,18-03-21-11-08
9112.17,6382970000.0,154285440006,16931800.0,16931800.0,0.09,4.92,6.07,8958.25,8958.25,8958.25,18-03-21-11-09
9112.17,6382970000.0,154285440006,16931800.0,16931800.0,0.09,4.92,6.07,8979.43,8979.43,8979.43,18-03-21-11-10
9065.36,6392010000.0,153492862448,16931800.0,16931800.0,-0.42,4.33,5.59,8968.7,8968.7,8968.7,18-03-21-11-11
9065.36,6392010000.0,153492862448,16931800.0,16931800.0,-0.42,4.33,5.59,8975.17,8975.17,8975.17,18-03-21-11-12
9065.36,6392010000.0,153492862448,16931800.0,16931800.0,-0.42,4.33,5.59,9013.48,9013.48,9013.48,18-03-21-11-13
9065.36,6392010000.0,153492862448,16931800.0,16931800.0,-0.42,4.33,5.59,9013.48,9013.48,9013.48,18-03-21-11-14
9065.36,6392010000.0,153492862448,16931800.0,16931800.0,-0.42,4.33,5.59,8958.52,8958.52,8958.52,18-03-21-11-15
9033.28,6386170000.0,152949690304,16931800.0,16931800.0,-0.95,3.79,5.28,8958.52,8958.52,8958.52,18-03-21-11-16
9033.28,6386170000.0,152949690304,16931800.0,16931800.0,-0.95,3.79,5.28,8958.2824818,8958.2824818,8958.2824818,18-03-21-11-17
9033.28,6386170000.0,152949690304,16931800.0,16931800.0,-0.95,3.79,5.28,8885.62,8885.62,8885.62,18-03-21-11-18
